	 1191360          
	 1191360          
	 1191360          
	 1191360          
	 1191360          
	 1191360          
	 1191360          
	 1191360          
	 1191360          
	 1191360          
	 1191360          
	 1191360          
	 1191360          
	 1191360          
	 1191360          
	 1191360          
	 1191360          
	 1191360          
	 1191360          
	 1191360          
	 1191360          
	 1191360          
	 1191360          
	 1191360          
	 1191360          
	 1191360          
	 1191361          
	 1191368          
	 1191370          
	 1191373          
	 1191376          
	 1191373          

