	 0                
	 2                
	 4                
	 4                
	 7                
	 11               
	 11               
	 11               
	 13               
	 19               
	 21               
	 21               
	 24               
	 24               
	 24               
	 27               
	 28               
	 30               
	 30               
	 35               
	 38               
	 41               
	 43               
	 50               
	 51               
	 54               
	 65               
	 68               
	 75               
	 82               
	 87               
	 93               
	 97               
	 100              
	 106              
	 111              
	 120              
	 123              
	 134              
	 150              
	 155              
	 143              
	 159              
	 175              
	 193              
	 139              
	 210              
	 221              

