	 2384184          
	 2385348          
	 2385559          
	 2385699          
	 2385986          
	 2386569          
	 2386668          
	 2386992          
	 2387216          
	 2387494          
	 2388069          
	 2388816          
	 2389275          
	 2389939          
	 2390608          
	 2390834          
	 2392460          
	 2389624          
	 2392681          
	 2388617          
	 2391076          
	 2400288          
	 2402254          
	 2403593          
	 2406318          
	 2410169          
	 2411824          
	 2410406          
	 2417040          
	 2427927          
	 2429695          
	 2419197          

