	 207              
	 0                
	 70               
	 13               
	 23               
	 96               
	 61               
	 31               
	 44               
	 657              
	 107              
	 14               
	 102              
	 75               
	 35               
	 2                
	 50               
	 106              
	 1926             
	 9                
	 1120             
	 332              
	 207              
	 31               
	 1233             
	 77               
	 26               
	 196              
	 27               
	 52               
	 44               
	 17               
	 21               
	 309              
	 95               
	 80               
	 107              
	 132              
	 4                
	 424              
	 640              
	 459              
	 29               
	 155              
	 160              
	 428              
	 8                
	 1286             

