	 0                
	 0                
	 0                
	 0                
	 0                
	 0                
	 0                
	 0                
	 0                
	 0                
	 0                
	 0                
	 0                
	 0                
	 0                
	 0                
	 0                
	 0                
	 1                
	 2                
	 4                
	 4                
	 10               
	 12               
	 38               
	 48               
	 48               
	 54               
	 65               
	 84               
	 153              
	 177              

