	 103              
	 1291             
	 327              
	 9                
	 143              
	 232              
	 1880             
	 26               
	 1018             
	 24               
	 67               
	 0                
	 26               
	 45               
	 23               
	 94               
	 41               
	 163              
	 103              
	 240              
	 158              
	 9                
	 71               
	 506              
	 28               
	 68               
	 39               
	 243              
	 1079             
	 24               
	 912              
	 88               

